# shape Tx Ty Tz Sx Sy Sz Rx Ry Rz material emission ambient diffuse specular Ks Kr Kf shininess eta kcool kwarm alpha beta
sphere 20.0 20.0 20.0 5.0 5.0 5.0 0.0 0.0 0.0 emissive 10 10 10 0.25 0.25 0.25 0.85 0.85 0.85 1.0 1.0 1.0 1.0 0.0 0.0 50.0 0.0 0.0 0.0 0.75 0.75 0.75 0.0 0.5 0.5
sphere -20.0 20.0 20.0 5.0 5.0 5.0 0.0 0.0 0.0 emissive 10 10 10 0.25 0.25 0.25 0.85 0.85 0.85 1.0 1.0 1.0 1.0 0.0 0.0 50.0 0.0 0.0 0.0 0.75 0.75 0.75 0.0 0.5 0.5
sphere 0.0 -800.0 0.0 800.0 800.0 800.0 0.0 0.0 0.0 diffuse 0.0 0.0 0.0 0.05 0.05 0.05 0.5 0.5 0.5 1.0 1.0 1.0 1.0 0.0 0.0 50.0 0.0 0.0 0.0 0.75 0.75 0.75 0.0 0.5 0.5
#sphere 820.0 0.0 0.0 800.0 800.0 800.0 0.0 0.0 1.57 diffuse 0.0 0.0 0.0 0.05 0.05 0.05 0.75 0.5 0.5 1.0 1.0 1.0 1.0 0.0 0.0 50.0 0.0 0.0 0.0 0.75 0.75 0.75 0.0 0.5 0.5
#sphere -820.0 0.0 0.0 800.0 800.0 800.0 0.0 0.0 -1.57 diffuse 0.0 0.0 0.0 0.05 0.05 0.05 0.5 0.75 0.5 1.0 1.0 1.0 1.0 0.0 0.0 50.0 0.0 0.0 0.0 0.75 0.75 0.75 0.0 0.5 0.5
#sphere 0.0 0.0 -820.0 800.0 800.0 800.0 1.57 0.0 0.0 diffuse 0.0 0.0 0.0 0.05 0.05 0.05 0.5 0.5 0.75 1.0 1.0 1.0 1.0 0.0 0.0 50.0 0.0 0.0 0.0 0.75 0.75 0.75 0.0 0.5 0.5
box 0.0 2.0 2.0 1.0 1.0 1.0 0.0 0.0 0.0 diffuse 0.0 0.0 0.0 0.25 0.25 0.25 0.35 0.65 0.995 1.0 1.0 1.0 1.0 0.0 0.0 50.0 0.0 0.0 0.0 0.75 0.75 0.75 0.0 0.5 0.5
sphere 2.5 1.5 0.5 0.75 0.75 0.75 0.0 0.0 0.0 diffuse 0.0 0.0 0.0 0.25 0.25 0.25 0.95 0.55 0.45 1.0 1.0 1.0 1.0 0.0 0.0 50.0 0.0 0.0 0.0 0.75 0.75 0.75 0.0 0.5 0.5
ellipsoid -5.0 3.0 -1.0 2.5 1.5 1.0 0.0 0.0 0.75 diffuse 0.0 0.0 0.0 0.25 0.25 0.25 0.55 0.995 0.55 1.0 1.0 1.0 1.0 0.0 0.0 50.0 0.0 0.0 0.0 0.75 0.75 0.75 0.0 0.5 0.5
cone -2.0 3.0 -3.0 2.5 1.5 1.0 0.0 0.0 1.53 diffuse 0.0 0.0 0.0 0.25 0.25 0.25 0.995 0.995 0.55 1.0 1.0 1.0 1.0 0.0 0.0 50.0 0.0 0.0 0.0 0.75 0.75 0.75 0.0 0.5 0.5
hyperboloid 4.0 3.0 -3.0 2.5 1.5 1.0 0.0 0.0 1.53 diffuse 0.0 0.0 0.0 0.25 0.25 0.25 0.75 0.75 0.955 1.0 1.0 1.0 1.0 0.0 0.0 50.0 0.0 0.0 0.0 0.75 0.75 0.75 0.0 0.5 0.5
hyperboloid2 0.0 3.0 -4.0 0.5 0.25 0.25 0.0 0.0 1.53 diffuse 0.0 0.0 0.0 0.25 0.25 0.25 0.95 0.75 0.955 1.0 1.0 1.0 1.0 0.0 0.0 50.0 0.0 0.0 0.0 0.75 0.75 0.75 0.0 0.5 0.5
sphere -6.5 1.75 6.5 1.75 1.75 1.75 0.0 0.0 0.0 refractive 0.0 0.0 0.0 0.25 0.25 0.25 0.75 0.95 0.75 1.0 1.0 1.0 1.0 0.0 0.0 50.0 1.1 0.0 0.0 0.75 0.75 0.75 0.0 0.5 0.5
sphere -3.5 1.75 10.5 1.75 1.75 1.75 0.0 0.0 0.0 refractive 0.0 0.0 0.0 0.25 0.25 0.25 0.95 0.75 0.75 1.0 1.0 1.0 1.0 0.0 0.0 50.0 1.1 0.0 0.0 0.75 0.75 0.75 0.0 0.5 0.5
sphere 0.0 1.75 14.5 1.75 1.75 1.75 0.0 0.0 0.0 refractive 0.0 0.0 0.0 0.25 0.25 0.25 0.95 0.95 0.95 1.0 1.0 1.0 1.0 0.0 0.0 50.0 1.1 0.0 0.0 0.75 0.75 0.75 0.0 0.5 0.5
sphere 3.5 1.75 10.5 1.75 1.75 1.75 0.0 0.0 0.0 refractive 0.0 0.0 0.0 0.25 0.25 0.25 0.95 0.95 0.75 1.0 1.0 1.0 1.0 0.0 0.0 50.0 1.1 0.0 0.0 0.75 0.75 0.75 0.0 0.5 0.5
sphere 6.5 1.75 6.5 1.75 1.75 1.75 0.0 0.0 0.0 refractive 0.0 0.0 0.0 0.25 0.25 0.25 0.75 0.75 0.95 1.0 1.0 1.0 1.0 0.0 0.0 50.0 1.1 0.0 0.0 0.75 0.75 0.75 0.0 0.5 0.5